// sphere
tensor([[[-0.5403,  0.6112,  0.5784, -1.2621],
         [ 0.0000, -0.6873,  0.7263,  0.0150],
         [ 0.8415,  0.3924,  0.3714, -0.8104],
         [ 0.0000,  0.0000,  0.0000,  1.0000]]])

// load
tensor([[[ 8.4180e-01,  3.7235e-04,  5.3979e-01, -8.2937e-01],
         [-0.0000e+00, -1.0000e+00,  6.8981e-04,  1.5989e+00],
         [ 5.3979e-01, -5.8068e-04, -8.4180e-01,  1.2934e+00],
         [ 0.0000e+00,  0.0000e+00,  0.0000e+00,  1.0000e+00]]])

// 
tensor([[[ 1.0000, -0.0000,  0.0000,  0.0500],
         [-0.0000, -1.0000,  0.0000,  0.1275],
         [ 0.0000, -0.0000, -1.0000,  1.5000],
         [ 0.0000,  0.0000,  0.0000,  1.0000]]])


// sphere
tensor([[[ 0.8978,  0.2541, -0.3598,  0.5702],
         [ 0.0000, -0.8169, -0.5768,  1.0241],
         [-0.4405,  0.5178, -0.7334,  1.2622],
         [ 0.0000,  0.0000,  0.0000,  1.0000]]])